cc push_swap.c -L./libft -lft


$ARG = "74 863 170 92 689 800 587 464 165 314 825 291 289 716 911 19 598 79 368 473 869 274 729 888 45 65 110 468 62 173 362 300 495 143 612 631 833 828 251 63 519 997 70 5 408 265 499 257 507 645 648 703 87 633 656 361 288 971 22 535 981 310 347 421 157 642 974 526 807 399 382 602 709 162 453 101 865 285 350 650 553 839 570 192 102 97 983 365 469 986 346 133 388 819 188 352 264 953 615 25"; .\a.exe $ARG

$ARG = "4 67 3 87 23 100 11 8"; .\a.exe; .\checker\checker_Mac $ARG

$ARG = "4 67 3 87 23 100 11 8"; .\a.exe $ARG | wc -l 


100 integers
100 99 98 97 96 95 94 93 92 91 90 89 88 87 86 85 84 83 82 81 80 79 78 77 76 75 74 73 72 71 70 69 68 67 66 65 64 63 62 61 60 59 58 57 56 55 54 53 52 51 50 49 48 47 46 45 44 43 42 41 40 39 38 37 36 35 34 33 32 31 30 29 28 27 26 25 24 23 22 21 20 19 18 17 16 15 14 13 12 11 10 9 8 7 6 5 4 3 2 1 0
299

74 863 170 92 689 800 587 464 165 314 825 291 289 716 911 19 598 79 368 473 869 274 729 888 45 65 110 468 62 173 362 300 495 143 612 631 833 828 251 63 519 997 70 5 408 265 499 257 507 645 648 703 87 633 656 361 288 971 22 535 981 310 347 421 157 642 974 526 807 399 382 602 709 162 453 101 865 285 350 650 553 839 570 192 102 97 983 365 469 986 346 133 388 819 188 352 264 953 615 25
555

500 integers

6745 9146 4403 7556 1796 4009 9573 1055 5999 5834 3167 7531 2717 9227 3188 34 5123 772 677 6517 2104 2564 7265 599 8624 4329 6401 801 9317 8110 3699 8828 1702 9246 7259 9183 7313 8004 7751 1748 8031 2981 8648 5549 5220 6503 8412 4568 1914 4885 2330 2503 4920 4830 5731 6463 6731 9517 962 6718 5968 7414 8431 6641 3803 5010 8105 6567 8038 9718 4423 8476 305 2320 3789 7821 8764 422 3057 9389 7066 8973 1269 504 7937 876 9393 7404 272 8238 2521 4146 7352 6653 6061 3099 6070 7340 9137 7599 900 7161 3705 1270 9420 7027 562 4928 4260 4903 7470 690 4570 1144 9664 6638 4454 5975 3772 3887 9769 7419 1819 6774 5661 1241 6670 5172 6844 3567 9822 23 234 3134 4816 7987 7663 2967 1903 384 7022 8757 5263 5710 78 9348 4798 5564 642 7957 9300 3497 1776 2874 6258 9845 8066 8228 7846 3526 4557 2846 5929 6736 9322 2757 223 70 2174 1493 5782 1352 1355 4363 7856 318 4259 9668 8512 267 2792 2452 8566 9809 6643 4491 4902 3259 1750 1730 9433 7719 8796 3774 4410 2463 6671 3761 4431 6381 8392 6768 1965 416 854 5791 6282 3751 439 8901 9737 8255 7513 8565 1645 6204 6275 8933 2046 5972 5050 5025 4652 4509 2158 8401 4321 6353 1706 7826 7191 1398 1828 7080 1203 1939 3598 6008 2487 2081 5727 8925 8570 803 3120 8600 5912 1341 8636 6427 9196 2073 4383 4898 7089 6746 2338 7408 2761 8871 7464 3484 7391 8902 3629 2592 6029 5581 5443 8086 8666 5898 6151 1346 261 5889 1741 6197 5226 4949 1883 151 5824 1250 1147 9402 5039 1130 6710 3461 8388 7787 1063 4001 7746 3201 2566 5256 1433 5486 4489 7755 3439 5285 2365 9238 8103 9810 699 6461 6509 6453 9336 5868 5915 5030 8242 3289 1792 5812 9619 2607 26 1514 2681 7170 9897 5692 4848 4564 5994 4056 3882 9359 781 4918 5024 3552 1357 886 2658 5844 4536 7783 2344 2204 4957 6120 1323 6320 4043 2236 8952 3744 4951 4707 3351 4185 9473 5684 7068 1326 8472 7725 3850 6305 1931 7915 3199 6642 251 9118 6139 3177 9277 7740 471 5772 8049 932 2361 5376 9053 345 9354 1693 6574 4683 537 4414 8994 3718 3730 5238 8087 6274 3310 5406 2804 5432 643 7142 2122 5611 8806 8618 3670 2291 288 329 6988 8065 7839 4573 2209 856 281 5121 6754 3160 8940 6409 8609 2282 4453 4762 5852 441 7202 6286 3515 3128 4267 3610 2687 864 9319 5542 7609 9836 214 1817 1682 9567 2498 6623 2922 8644 6012 7280 132 249 4473 2638 5272 4348 9463 9323 20 195 2171 8868 4533 36 4422 7501 1092 9719 2664 3901 961 3347 1760 3556 8855 4929 3387 2276 4795 4986 7774 3589 2952 1997 945 8291 5687 6229 4002 9953 1281 8847 7639 9756 7236 2708 6385 9493 3048 628
5231

6745 9146 4403 7556 1796 4009 9573 1055 5999 5834 3167 7531 2717 9227 3188 34 5123 772 677 6517 2104 2564 7265 599 8624 4329 6401 801 9317 8110 3699 8828 1702 9246 7259 9183 7313 8004 7751 1748 8031 2981 8648 5549 5220 6503 8412 4568 1914 4885 2330 2503 4920 4830 5731 6463 6731 9517 962 6718 5968 7414 8431 6641 3803 5010 8105 6567 8038 9718 4423 8476 305 2320 3789 7821 8764 422 3057 9389 7066 8973 1269 504 7937 876 9393 7404 272 8238 2521 4146 7352 6653 6061 3099 6070 7340 9137 7599 900 7161 3705 1270 9420 7027 562 4928 4260 4903 7470 690 4570 1144 9664 6638 4454 5975 3772 3887 9769 7419 1819 6774 5661 1241 6670 5172 6844 3567 9822 23 234 3134 4816 7987 7663 2967 1903 384 7022 8757 5263 5710 78 9348 4798 5564 642 7957 9300 3497 1776 2874 6258 9845 8066 8228 7846 3526 4557 2846 5929 6736 9322 2757 223 70 2174 1493 5782 1352 1355 4363 7856 318 4259 9668 8512 267 2792 2452 8566 9809 6643 4491 4902 3259 1750 1730 9433 7719 8796 3774 4410 2463 6671 3761 4431 6381 8392 6768 1965 416 854 5791 6282 3751 439 8901 9737 8255 7513 8565 1645 6204 6275 8933 2046 5972 5050 5025 4652 4509 2158 8401 4321 6353 1706 7826 7191 1398 1828 7080 1203 1939 3598 6008 2487 2081 5727 8925 8570 803 3120 8600 5912 1341 8636 6427 -9196 2073 4383 4898 7089 6746 2338 7408 2761 8871 7464 3484 7391 8902 3629 2592 6029 5581 5443 8086 8666 -5898 6151 1346 261 5889 1741 6197 5226 4949 1883 151 5824 1250 1147 9402 5039 1130 6710 3461 8388 7787 1063 -4001 7746 3201 2566 5256 1433 5486 4489 7755 3439 5285 2365 -9238 8103 9810 699 6461 6509 6453 9336 5868 5915 5030 8242 3289 -1792 5812 9619 2607 -26 1514 2681 7170 9897 5692 4848 4564 5994 4056 3882 9359 781 4918 5024 3552 1357 886 2658 -5844 4536 7783 2344 -2204 4957 -6120 1323 6320 4043 2236 8952 3744 4951 -4707 3351 4185 9473 5684 7068 1326 8472 7725 3850 6305 1931 7915 3199 6642 251 9118 6139 3177 9277 7740 -471 5772 8049 932 2361 5376 -9053 345 9354 1693 6574 4683 537 4414 8994 -3718 3730 5238 8087 6274 3310 5406 2804 5432 643 7142 2122 -5611 8806 8618 3670 2291 -288 329 6988 8065 7839 4573 2209 856 281 5121 6754 3160 -8940 6409 8609 2282 4453 4762 5852 441 7202 6286 3515 3128 4267 -3610 2687 864 9319 5542 7609 9836 214 1817 1682 9567 2498 6623 2922 8644 6012 7280 132 249 4473 -2638 5272 4348 9463 9323 20 195 2171 8868 4533 36 4422 7501 1092 9719 2664 3901 -961 3347 1760 3556 8855 4929 3387 -2276 47
95 4986 7774 3589 2952 1997 945 8291 5687 -6229 4002 9953 1281 8847 7639 -9756 7236 2708 6385 9493 3048 628
5124


500 499 498 497 496 495 494 493 492 491 490 489 488 487 486 485 484 483 482 481 480 479 478 477 476 475 474 473 472 471 470 469 468 467 466 465 464 463 462 461 460 459 458 457 456 455 454 453 452 451 450 449 448 447 446 445 444 443 442 441 440 439 438 437 436 435 434 433 432 431 430 429 428 427 426 425 424 423 422 421 420 419 418 417 416 415 414 413 412 411 410 409 408 407 406 405 404 403 402 401 400 399 398 397 396 395 394 393 392 391 390 389 388 387 386 385 384 383 382 381 380 379 378 377 376 375 374 373 372 371 370 369 368 367 366 365 364 363 362 361 360 359 358 357 356 355 354 353 352 351 350 349 348 347 346 345 344 343 342 341 340 339 338 337 336 335 334 333 332 331 330 329 328 327 326 325 324 323 322 321 320 319 318 317 316 315 314 313 312 311 310 309 308 307 306 305 304 303 302 301 300 299 298 297 296 295 294 293 292 291 290 289 288 287 286 285 284 283 282 281 280 279 278 277 276 275 274 273 272 271 270 269 268 267 266 265 264 263 262 261 260 259 258 257 256 255 254 253 252 251 250 249 248 247 246 245 244 243 242 241 240 239 238 237 236 235 234 233 232 231 230 229 228 227 226 225 224 223 222 221 220 219 218 217 216 215 214 213 212 211 210 209 208 207 206 205 204 203 202 201 200 199 198 197 196 195 194 193 192 191 190 189 188 187 186 185 184 183 182 181 180 179 178 177 176 175 174 173 172 171 170 169 168 167 166 165 164 163 162 161 160 159 158 157 156 155 154 153 152 151 150 149 148 147 146 145 144 143 142 141 140 139 138 137 136 135 134 133 132 131 130 129 128 127 126 125 124 123 122 121 120 119 118 117 116 115 114 113 112 111 110 109 108 107 106 105 104 103 102 101 100 99 98 97 96 95 94 93 92 91 90 89 88 87 86 85 84 83 82 81 80 79 78 77 76 75 74 73 72 71 70 69 68 67 66 65 64 63 62 61 60 59 58 57 56 55 54 53 52 51 50 49 48 47 46 45 44 43 42 41 40 39 38 37 36 35 34 33 32 31 30 29 28 27 26 25 24 23 22 21 20 19 18 17 16 15 14 13 12 11 10 9 8 7 6 5 4 3 2 1 0

1499